miRNAnames,1001Trimmed_region_report,1422Trimmed_region_report,1423Trimmed_region_report,1424Trimmed_region_report,1425Trimmed_region_report,1426Trimmed_region_report,1427Trimmed_region_report
hsa-let-7a-3p,0,1,0,0,0,0,1
hsa-let-7a-5p,78,52,41,32,34,9,2539
hsa-let-7b-3p,2,0,0,0,0,0,4
hsa-let-7b-5p,263,278,138,95,139,31,1145
hsa-let-7c-5p,9,24,12,10,12,4,21
hsa-let-7d-3p,4,5,0,0,1,0,84
hsa-let-7d-5p,10,18,2,3,12,9,1225
hsa-let-7e-5p,0,2,0,0,0,1,158
hsa-let-7f-1-3p,0,3,0,0,0,0,3
hsa-let-7f-2-3p,0,2,0,0,0,0,10
hsa-let-7f-5p,39,1479,597,916,1085,322,4293
hsa-let-7g-3p,0,0,0,0,0,0,3
hsa-let-7g-5p,49,64,29,20,25,2,1642
hsa-let-7i-5p,21,84,21,21,51,14,520
hsa-miR-1,2,6,1,0,1,0,25
hsa-miR-100-5p,2,8,1,0,3,0,7
hsa-miR-101-3p,9,28,4,4,18,0,259
hsa-miR-101-5p,0,0,0,0,0,0,1
hsa-miR-103a-2-5p,0,6,2,0,2,0,6
hsa-miR-103a-3p,38,161,45,30,92,12,4480
hsa-miR-103b,38,161,45,30,92,12,4480
hsa-miR-106a-5p,10,55,15,10,20,4,56
hsa-miR-106b-3p,3,22,1,0,3,2,55
hsa-miR-106b-5p,48,239,58,32,95,14,1004
hsa-miR-107,7,38,4,6,12,2,357
hsa-miR-10a-5p,4,5,1,3,3,0,62
hsa-miR-10b-5p,7,8,1,1,4,1,29
hsa-miR-1180-3p,2,11,5,1,1,0,1
hsa-miR-1183,2,0,2,0,1,0,0
hsa-miR-1185-1-3p,0,0,0,0,0,0,15
hsa-miR-1185-2-3p,0,0,0,0,0,0,4
hsa-miR-1185-5p,0,0,0,0,0,0,1
hsa-miR-1197,0,0,0,0,0,0,2
hsa-miR-122-3p,0,0,0,1,0,0,0
hsa-miR-122-5p,24,387,152,174,222,184,132
hsa-miR-1226-3p,0,0,0,0,0,0,2
hsa-miR-1228-5p,0,1,0,0,0,0,2
hsa-miR-1249,2,1,0,0,0,0,7
hsa-miR-1250-5p,0,0,0,0,0,0,3
hsa-miR-1255a,0,0,0,0,0,0,3
hsa-miR-1256,0,0,0,0,0,0,1
hsa-miR-125a-3p,0,0,0,0,0,0,2
hsa-miR-125a-5p,36,9,1,1,4,0,315
hsa-miR-125b-2-3p,0,1,0,0,0,0,0
hsa-miR-125b-5p,35,62,12,43,32,15,81
hsa-miR-126-3p,17,32,7,4,21,3,2034
hsa-miR-126-5p,30,62,23,31,17,8,2192
hsa-miR-1260b,1,0,0,2,2,2,264
hsa-miR-127-3p,0,0,0,1,0,0,37
hsa-miR-127-5p,0,0,0,0,0,0,6
hsa-miR-1270,0,1,0,0,0,0,0
hsa-miR-1271-3p,0,0,0,0,0,0,1
hsa-miR-1273g-3p,1,0,0,0,0,0,0
hsa-miR-1273h-3p,0,0,0,0,0,0,4
hsa-miR-1273h-5p,0,0,0,0,0,0,2
hsa-miR-1277-3p,0,0,0,0,0,0,5
hsa-miR-128-1-5p,0,0,0,0,0,0,1
hsa-miR-128-3p,2,9,0,0,2,0,142
hsa-miR-1285-3p,0,1,0,0,0,0,0
hsa-miR-1287-5p,0,1,0,0,0,0,3
hsa-miR-129-1-3p,0,0,0,0,0,0,1
hsa-miR-129-2-3p,0,0,0,0,2,1,0
hsa-miR-129-5p,1,0,0,0,0,0,0
hsa-miR-1292-5p,0,2,0,0,0,0,1
hsa-miR-1294,5,0,0,0,0,0,0
hsa-miR-1301-3p,0,2,1,0,0,0,22
hsa-miR-1304-3p,0,0,0,0,0,0,6
hsa-miR-1306-5p,10,9,1,0,4,1,31
hsa-miR-1307-3p,1,9,0,6,2,0,20
hsa-miR-1307-5p,1,83,29,44,31,22,411
hsa-miR-130a-3p,14,44,12,12,29,1,1392
hsa-miR-130b-3p,1,3,1,0,4,0,26
hsa-miR-130b-5p,0,1,0,0,0,0,23
hsa-miR-132-3p,0,0,0,0,0,0,1
hsa-miR-132-5p,0,0,0,0,0,0,2
hsa-miR-133a-3p,0,0,0,0,1,0,3
hsa-miR-133a-5p,0,0,0,0,0,0,3
hsa-miR-133b,0,5,0,0,1,1,1
hsa-miR-134-3p,0,1,0,0,0,0,0
hsa-miR-134-5p,1,7,3,9,10,2,98
hsa-miR-1343-3p,0,0,0,0,0,0,2
hsa-miR-135a-5p,0,1,0,0,0,0,7
hsa-miR-136-3p,0,0,0,0,0,0,10
hsa-miR-136-5p,0,2,3,5,5,0,197
hsa-miR-138-5p,0,1,0,0,2,0,3
hsa-miR-139-3p,0,0,0,0,0,0,4
hsa-miR-139-5p,8,11,2,3,3,0,170
hsa-miR-140-3p,2,11,5,2,2,0,52
hsa-miR-140-5p,0,7,0,1,4,1,79
hsa-miR-141-3p,0,5,1,6,7,4,4
hsa-miR-142-3p,15,23,3,3,11,0,1636
hsa-miR-142-5p,0,4,1,0,0,0,61
hsa-miR-143-3p,1,2,0,0,0,0,25
hsa-miR-143-5p,0,0,0,2,0,0,2
hsa-miR-144-3p,24,557,85,17,233,18,219
hsa-miR-144-5p,16,15,2,3,4,1,40
hsa-miR-145-3p,2,0,0,0,0,0,3
hsa-miR-145-5p,55,140,18,15,32,10,697
hsa-miR-146a-5p,11,138,18,86,56,13,2034
hsa-miR-146b-5p,0,147,34,116,103,35,136
hsa-miR-148a-3p,0,29,9,2,17,3,115
hsa-miR-148a-5p,0,1,0,0,0,0,8
hsa-miR-148b-3p,3,13,2,1,1,2,142
hsa-miR-149-5p,0,1,0,0,0,0,0
hsa-miR-150-3p,0,0,0,0,0,0,1
hsa-miR-150-5p,37,44,4,3,13,8,481
hsa-miR-151a-3p,0,2,0,0,1,0,62
hsa-miR-151a-5p,15,55,5,10,19,0,2601
hsa-miR-152-3p,0,2,1,0,0,0,42
hsa-miR-1537-3p,0,6,2,2,3,1,43
hsa-miR-1538,0,0,0,0,0,0,2
hsa-miR-154-3p,0,0,0,0,0,0,18
hsa-miR-154-5p,0,0,0,0,4,0,35
hsa-miR-155-5p,1,47,18,35,25,20,58
hsa-miR-15a-3p,0,0,0,0,0,0,2
hsa-miR-15a-5p,177,159,66,27,83,15,874
hsa-miR-15b-3p,7,21,2,2,10,0,73
hsa-miR-15b-5p,37,46,14,8,29,4,761
hsa-miR-16-1-3p,0,0,1,0,0,0,1
hsa-miR-16-2-3p,0,0,0,0,0,0,3
hsa-miR-16-5p,635,154,95,33,41,8,1024
hsa-miR-17-3p,3,95,11,4,42,5,202
hsa-miR-17-5p,77,249,77,33,89,20,590
hsa-miR-181a-2-3p,1,1,0,0,0,0,12
hsa-miR-181a-3p,0,1,0,0,2,0,20
hsa-miR-181a-5p,6,29,4,4,15,2,707
hsa-miR-181b-5p,1,9,1,0,4,1,36
hsa-miR-181c-3p,0,0,0,0,0,0,8
hsa-miR-181c-5p,0,0,0,0,0,0,6
hsa-miR-181d-5p,0,0,0,0,0,0,2
hsa-miR-182-5p,0,1,0,0,0,0,6
hsa-miR-183-3p,0,2,0,0,0,0,0
hsa-miR-183-5p,1,480,153,356,328,109,404
hsa-miR-185-3p,1,1,0,1,1,0,14
hsa-miR-185-5p,43,1233,102,93,339,89,4414
hsa-miR-186-3p,0,0,0,0,0,0,2
hsa-miR-186-5p,5,93,19,15,36,10,186
hsa-miR-187-3p,0,0,0,0,0,0,3
hsa-miR-188-3p,0,0,2,0,0,0,0
hsa-miR-188-5p,0,0,1,0,0,0,2
hsa-miR-18a-3p,0,1,1,0,0,0,0
hsa-miR-18a-5p,25,54,25,23,32,14,426
hsa-miR-18b-5p,5,4,2,0,2,0,8
hsa-miR-1908-5p,0,0,0,2,0,0,19
hsa-miR-190a-5p,0,3,0,3,0,0,7
hsa-miR-191-3p,0,0,0,0,0,0,5
hsa-miR-191-5p,62,106,23,24,53,12,5710
hsa-miR-1910-3p,0,0,0,0,0,0,1
hsa-miR-192-5p,2,655,147,450,348,108,386
hsa-miR-193a-3p,0,7,0,1,0,0,2
hsa-miR-193a-5p,8,40,13,8,9,13,5
hsa-miR-193b-3p,0,4,2,1,1,0,5
hsa-miR-193b-5p,0,0,1,0,1,2,0
hsa-miR-194-5p,3,4,2,0,5,0,19
hsa-miR-195-5p,1,732,219,592,420,170,516
hsa-miR-196b-3p,0,0,0,0,0,0,2
hsa-miR-196b-5p,0,1,0,2,2,0,4
hsa-miR-197-3p,17,2,1,1,2,2,227
hsa-miR-1976,0,1,0,0,0,0,0
hsa-miR-199a-3p,2,3,1,2,2,1,871
hsa-miR-199a-5p,0,2,0,0,5,0,273
hsa-miR-199b-3p,1,7,0,1,1,5,840
hsa-miR-199b-5p,0,0,0,0,0,0,6
hsa-miR-19a-3p,83,314,60,37,164,24,2008
hsa-miR-19b-1-5p,0,2,2,0,0,0,21
hsa-miR-19b-3p,239,3306,441,295,1330,137,9693
hsa-miR-200a-3p,0,1,1,1,1,1,3
hsa-miR-200b-3p,0,5,0,3,8,2,4
hsa-miR-200c-3p,0,1,0,0,0,0,4
hsa-miR-202-5p,0,0,0,0,0,0,1
hsa-miR-203a,0,3,0,0,0,0,4
hsa-miR-203b-5p,0,3,0,0,0,0,4
hsa-miR-204-3p,0,2,0,1,0,0,0
hsa-miR-204-5p,0,0,0,0,1,0,2
hsa-miR-205-5p,2,42,1,1,6,0,15
hsa-miR-206,0,0,2,0,0,0,0
hsa-miR-20a-5p,107,98,53,19,46,5,802
hsa-miR-20b-3p,0,0,0,0,0,0,1
hsa-miR-20b-5p,19,14,9,0,6,1,34
hsa-miR-21-3p,0,1,0,0,0,0,10
hsa-miR-21-5p,24,106,29,35,61,17,2044
hsa-miR-210-3p,1,33,1,11,6,4,27
hsa-miR-210-5p,0,3,0,8,1,1,0
hsa-miR-2110,0,5,0,0,1,1,9
hsa-miR-214-3p,1,2,0,0,0,1,2
hsa-miR-215-5p,0,5,0,0,0,1,10
hsa-miR-218-5p,151,0,0,0,0,0,0
hsa-miR-22-3p,8,155,31,35,43,20,973
hsa-miR-22-5p,0,26,2,2,8,6,127
hsa-miR-221-3p,14,135,23,48,74,8,1204
hsa-miR-222-3p,23,18,6,5,6,3,62
hsa-miR-223-3p,267,594,221,129,286,43,64624
hsa-miR-223-5p,0,0,0,0,0,0,8
hsa-miR-224-3p,0,1,0,0,0,0,5
hsa-miR-224-5p,0,1,2,0,0,0,1
hsa-miR-2277-5p,0,0,0,0,1,0,0
hsa-miR-2278,0,0,0,0,0,0,1
hsa-miR-2355-3p,0,0,0,0,0,0,3
hsa-miR-2355-5p,0,0,0,0,0,0,3
hsa-miR-23a-3p,49,70,14,7,35,8,1474
hsa-miR-23a-5p,0,1,2,0,0,0,3
hsa-miR-23b-3p,3,3,1,0,2,2,103
hsa-miR-24-3p,6,49,5,5,16,6,980
hsa-miR-25-3p,8,108,31,57,63,16,151
hsa-miR-25-5p,0,0,0,0,0,1,0
hsa-miR-26a-1-3p,0,0,0,0,0,0,2
hsa-miR-26a-2-3p,0,0,0,0,0,0,2
hsa-miR-26a-5p,70,21,19,14,14,3,6271
hsa-miR-26b-3p,0,0,1,0,3,0,11
hsa-miR-26b-5p,25,25,11,4,10,3,344
hsa-miR-27a-3p,27,15,6,2,3,1,443
hsa-miR-27a-5p,0,0,0,0,0,0,3
hsa-miR-27b-3p,3,6,4,2,0,0,123
hsa-miR-27b-5p,0,2,0,0,0,0,0
hsa-miR-28-3p,0,2,0,1,4,0,177
hsa-miR-28-5p,0,5,1,0,2,0,159
hsa-miR-296-5p,2,1,0,0,0,0,1
hsa-miR-299-5p,0,0,0,0,0,0,10
hsa-miR-29a-3p,8,38,5,5,6,3,391
hsa-miR-29a-5p,0,0,0,0,0,0,2
hsa-miR-29b-2-5p,0,0,1,0,0,0,2
hsa-miR-29b-3p,8,30,5,6,11,0,602
hsa-miR-29c-3p,20,68,4,5,18,3,569
hsa-miR-29c-5p,0,16,0,3,8,0,33
hsa-miR-301a-3p,0,7,0,0,2,0,131
hsa-miR-301a-5p,0,0,0,0,1,0,5
hsa-miR-301b,0,1,1,0,0,0,12
hsa-miR-302d-3p,0,11,2,4,3,0,15
hsa-miR-3065-3p,0,0,1,0,0,0,15
hsa-miR-3065-5p,0,4,0,0,3,0,116
hsa-miR-3074-5p,6,49,5,5,16,6,980
hsa-miR-30a-3p,0,0,0,0,1,1,3
hsa-miR-30a-5p,6,6,1,0,2,0,30
hsa-miR-30b-3p,0,0,0,0,0,0,1
hsa-miR-30b-5p,10,14,3,0,4,0,854
hsa-miR-30c-1-3p,0,1,0,0,0,0,1
hsa-miR-30c-2-3p,0,1,0,0,0,1,1
hsa-miR-30c-5p,11,371,125,216,147,83,390
hsa-miR-30d-5p,27,30,19,9,18,1,377
hsa-miR-30e-3p,0,0,1,0,0,0,14
hsa-miR-30e-5p,2,5,1,0,0,0,36
hsa-miR-31-3p,1,0,0,0,0,0,1
hsa-miR-31-5p,0,16,1,4,4,0,5
hsa-miR-3120-5p,1,2,0,0,0,1,2
hsa-miR-3130-3p,0,0,0,0,0,0,1
hsa-miR-3130-5p,0,0,0,0,0,0,1
hsa-miR-3135b,0,2,0,0,0,0,0
hsa-miR-3157-3p,0,0,0,0,0,0,1
hsa-miR-3157-5p,0,0,0,0,0,0,1
hsa-miR-3184-3p,23,237,23,46,82,21,572
hsa-miR-3184-5p,7,39,7,8,14,10,1041
hsa-miR-3188,0,0,0,0,0,0,1
hsa-miR-3198,0,0,0,0,0,0,1
hsa-miR-32-3p,0,0,0,0,0,0,1
hsa-miR-32-5p,4,3,0,1,1,0,25
hsa-miR-3200-3p,0,0,0,0,2,0,0
hsa-miR-320a,67,526,240,527,340,135,1223
hsa-miR-320b,4,16,5,11,1,2,8
hsa-miR-320c,2,5,2,1,1,0,8
hsa-miR-320d,0,2,1,0,0,0,0
hsa-miR-323a-3p,0,0,0,0,0,0,4
hsa-miR-323b-3p,0,0,0,0,0,0,21
hsa-miR-324-3p,0,3,0,0,2,0,5
hsa-miR-324-5p,0,8,0,3,3,0,69
hsa-miR-326,0,0,0,0,0,0,7
hsa-miR-328-3p,2,1,0,1,0,2,36
hsa-miR-329-3p,1,0,0,0,0,0,26
hsa-miR-330-3p,0,0,0,2,0,0,26
hsa-miR-330-5p,0,0,0,0,0,0,2
hsa-miR-331-3p,0,0,0,0,0,0,18
hsa-miR-331-5p,0,0,0,0,2,0,3
hsa-miR-335-3p,0,0,0,0,0,0,10
hsa-miR-335-5p,5,3,0,1,3,0,668
hsa-miR-337-3p,0,0,0,0,0,0,27
hsa-miR-337-5p,0,0,0,0,0,0,28
hsa-miR-338-3p,0,4,0,0,3,0,116
hsa-miR-338-5p,0,0,1,0,0,0,15
hsa-miR-339-3p,0,1,0,4,1,0,41
hsa-miR-339-5p,2,59,24,24,36,11,636
hsa-miR-33a-3p,0,0,0,0,0,0,34
hsa-miR-33a-5p,0,7,3,5,9,1,308
hsa-miR-33b-5p,0,4,3,3,4,0,15
hsa-miR-340-3p,0,0,0,0,0,0,16
hsa-miR-340-5p,2,0,1,0,0,0,148
hsa-miR-342-3p,37,31,7,3,7,0,321
hsa-miR-345-5p,0,4,3,0,1,0,15
hsa-miR-34a-5p,8,287,91,273,199,74,178
hsa-miR-3529-3p,18,204,45,175,103,55,125
hsa-miR-3591-3p,24,387,152,174,222,184,132
hsa-miR-3591-5p,0,0,0,1,0,0,0
hsa-miR-3605-5p,1,0,0,0,0,0,0
hsa-miR-361-3p,3,7,1,0,3,3,34
hsa-miR-361-5p,1,0,0,1,0,0,88
hsa-miR-3613-3p,1,0,0,0,0,0,7
hsa-miR-3613-5p,0,1,0,0,0,0,13
hsa-miR-3615,0,3,2,1,1,0,0
hsa-miR-3617-5p,0,0,0,0,0,0,3
hsa-miR-362-3p,0,1,0,0,0,0,6
hsa-miR-362-5p,0,4,0,0,1,0,0
hsa-miR-3620-3p,0,0,0,0,0,0,2
hsa-miR-363-3p,2,11,3,0,0,0,27
hsa-miR-363-5p,0,1,0,2,0,0,1
hsa-miR-3657,0,0,1,0,0,0,0
hsa-miR-365a-3p,0,1,0,0,0,0,0
hsa-miR-365b-3p,1,0,0,0,1,0,0
hsa-miR-367-3p,6,0,0,0,0,0,0
hsa-miR-3677-3p,0,0,0,0,0,0,1
hsa-miR-3679-5p,0,0,0,0,0,0,1
hsa-miR-369-3p,0,0,0,0,0,0,33
hsa-miR-369-5p,0,0,0,0,0,0,14
hsa-miR-370-3p,0,0,0,0,5,0,13
hsa-miR-374a-5p,0,0,0,0,0,0,2
hsa-miR-374b-5p,2,0,1,0,1,0,210
hsa-miR-374c-3p,2,0,1,0,1,0,210
hsa-miR-375,1,8,0,1,1,2,4
hsa-miR-376a-3p,3,27,0,6,15,0,964
hsa-miR-376a-5p,0,2,0,0,1,0,2
hsa-miR-376b-3p,0,7,0,2,2,0,300
hsa-miR-376b-5p,0,0,0,0,0,0,2
hsa-miR-376c-3p,0,10,3,10,31,1,1220
hsa-miR-377-3p,0,0,0,0,0,0,5
hsa-miR-377-5p,0,0,0,0,0,0,2
hsa-miR-378a-3p,1,164,55,81,61,29,120
hsa-miR-378a-5p,0,11,2,0,0,0,9
hsa-miR-378c,0,25,9,14,17,0,13
hsa-miR-378d,0,1,1,0,0,0,0
hsa-miR-379-3p,0,0,0,0,0,0,8
hsa-miR-379-5p,0,0,0,0,0,0,11
hsa-miR-380-3p,0,0,0,0,0,0,4
hsa-miR-381-3p,0,0,0,1,1,0,57
hsa-miR-382-3p,0,0,0,0,0,0,7
hsa-miR-382-5p,1,3,0,0,1,0,98
hsa-miR-3912-3p,1,0,0,0,0,0,0
hsa-miR-3913-3p,0,0,0,0,2,0,1
hsa-miR-3913-5p,0,0,0,0,2,0,1
hsa-miR-3923,0,2,1,1,3,0,1
hsa-miR-3928-3p,0,0,0,2,0,0,6
hsa-miR-3938,0,0,0,0,0,0,1
hsa-miR-3940-3p,0,3,0,0,0,1,1
hsa-miR-409-3p,0,3,1,1,1,0,90
hsa-miR-409-5p,0,2,0,0,0,0,40
hsa-miR-410-3p,0,0,0,0,0,0,6
hsa-miR-411-3p,0,0,0,0,0,0,9
hsa-miR-411-5p,0,0,0,0,0,0,3
hsa-miR-421,1,0,0,0,0,0,30
hsa-miR-422a,0,2,0,0,0,0,0
hsa-miR-423-3p,7,39,7,8,14,10,1041
hsa-miR-423-5p,23,237,23,46,82,21,572
hsa-miR-424-3p,0,0,0,0,0,0,2
hsa-miR-424-5p,1,11,6,4,3,3,154
hsa-miR-425-3p,0,0,0,2,0,0,21
hsa-miR-425-5p,13,163,24,18,45,9,973
hsa-miR-431-3p,0,0,0,0,0,0,1
hsa-miR-431-5p,0,0,0,0,0,0,37
hsa-miR-432-5p,0,0,0,0,0,0,33
hsa-miR-433-3p,0,0,0,0,1,0,20
hsa-miR-4433-3p,1,3,0,0,2,0,139
hsa-miR-4433-5p,0,0,0,1,0,0,6
hsa-miR-4433b-3p,0,0,0,1,0,0,6
hsa-miR-4433b-5p,1,3,0,0,2,0,139
hsa-miR-4446-3p,0,0,0,0,0,0,19
hsa-miR-449a,0,0,0,0,0,0,3
hsa-miR-449b-3p,0,0,0,0,0,0,1
hsa-miR-4504,0,1,0,0,0,0,0
hsa-miR-450a-2-3p,0,0,0,0,0,0,1
hsa-miR-450a-5p,0,0,0,0,0,0,6
hsa-miR-450b-5p,0,0,0,0,0,0,13
hsa-miR-451a,3962,12923,2405,1382,5950,678,15894
hsa-miR-451b,0,0,1,0,0,0,0
hsa-miR-452-5p,0,15,0,0,1,0,7
hsa-miR-4523,0,0,0,1,0,0,1
hsa-miR-4533,0,0,0,0,0,0,1
hsa-miR-454-3p,0,1,1,0,0,2,32
hsa-miR-454-5p,0,0,0,2,0,0,4
hsa-miR-455-5p,0,3,0,1,2,1,1
hsa-miR-4665-5p,0,0,0,0,0,0,1
hsa-miR-4669,0,1,0,0,0,0,0
hsa-miR-4676-5p,0,0,0,0,0,0,1
hsa-miR-4685-3p,0,5,0,0,0,0,0
hsa-miR-4701-5p,0,0,0,0,0,0,1
hsa-miR-4714-3p,0,0,0,0,0,0,1
hsa-miR-4732-5p,2,0,0,0,0,0,0
hsa-miR-4738-3p,0,0,0,0,0,0,1
hsa-miR-4772-3p,0,0,0,0,0,0,1
hsa-miR-4785,0,1,0,0,0,0,1
hsa-miR-483-5p,0,4,1,5,2,0,1
hsa-miR-484,115,166,32,18,52,2,1959
hsa-miR-485-3p,0,0,0,0,0,0,38
hsa-miR-485-5p,0,0,0,0,0,0,2
hsa-miR-486-3p,311,298,47,36,68,15,510
hsa-miR-486-5p,311,298,47,36,68,15,510
hsa-miR-487a-3p,0,0,0,0,0,0,16
hsa-miR-487a-5p,0,0,0,1,0,0,1
hsa-miR-487b-3p,0,0,0,0,0,0,28
hsa-miR-489-3p,0,65,13,39,49,7,32
hsa-miR-492,0,0,2,2,2,0,0
hsa-miR-493-3p,0,0,0,0,0,0,11
hsa-miR-493-5p,0,0,0,0,1,0,21
hsa-miR-494-3p,0,0,0,0,0,0,1
hsa-miR-494-5p,2,2,0,1,0,0,0
hsa-miR-495-3p,1,0,0,0,0,0,42
hsa-miR-495-5p,0,0,0,0,0,0,1
hsa-miR-496,0,0,0,0,0,0,11
hsa-miR-497-5p,1,7,4,0,3,0,22
hsa-miR-500a-3p,0,0,0,0,0,0,2
hsa-miR-500a-5p,0,1,0,0,0,0,0
hsa-miR-501-3p,1,2,2,0,1,0,2
hsa-miR-501-5p,0,1,0,0,0,0,1
hsa-miR-5010-5p,0,0,0,0,0,0,1
hsa-miR-502-3p,1,0,1,1,1,0,8
hsa-miR-503-5p,1,1,0,0,0,0,18
hsa-miR-505-3p,0,10,4,1,3,0,35
hsa-miR-505-5p,0,0,0,0,0,0,8
hsa-miR-5092,0,0,0,0,0,1,0
hsa-miR-511-3p,0,0,0,0,1,0,0
hsa-miR-511-5p,0,0,0,0,0,0,1
hsa-miR-517c-3p,0,0,0,0,0,0,2
hsa-miR-5187-5p,0,0,0,0,0,0,3
hsa-miR-5189-5p,0,0,0,0,0,0,3
hsa-miR-5193,0,0,0,0,0,0,3
hsa-miR-519a-3p,0,0,0,0,0,0,2
hsa-miR-522-3p,0,0,0,0,0,0,1
hsa-miR-532-3p,0,1,0,0,0,0,5
hsa-miR-532-5p,0,4,1,0,2,0,2
hsa-miR-539-3p,0,0,0,0,0,0,1
hsa-miR-539-5p,0,0,0,0,0,0,1
hsa-miR-542-3p,0,0,1,0,0,0,8
hsa-miR-542-5p,0,0,0,0,0,0,2
hsa-miR-543,0,0,0,0,2,0,20
hsa-miR-544a,0,0,0,0,0,0,1
hsa-miR-545-3p,0,3,0,0,0,0,25
hsa-miR-545-5p,0,1,0,0,1,0,24
hsa-miR-548a-5p,0,0,0,0,0,0,1
hsa-miR-548aa,0,1,0,0,1,0,14
hsa-miR-548ai,0,0,0,0,0,0,1
hsa-miR-548as-5p,0,0,0,0,0,0,1
hsa-miR-548ax,0,0,0,0,0,0,9
hsa-miR-548ay-3p,0,1,0,0,0,0,1
hsa-miR-548ay-5p,0,1,0,0,0,0,2
hsa-miR-548c-3p,0,0,0,0,0,0,1
hsa-miR-548c-5p,0,0,0,0,0,0,5
hsa-miR-548d-3p,0,0,2,0,0,1,3
hsa-miR-548d-5p,0,1,0,0,1,0,14
hsa-miR-548e-3p,0,1,0,0,0,0,5
hsa-miR-548f-5p,0,0,0,0,0,0,1
hsa-miR-548h-3p,0,0,0,0,0,0,2
hsa-miR-548j-5p,0,0,0,0,0,0,6
hsa-miR-548k,0,0,0,0,0,0,5
hsa-miR-548n,0,0,0,0,0,0,6
hsa-miR-548o-3p,0,0,0,0,0,0,1
hsa-miR-548t-3p,0,0,0,0,0,0,6
hsa-miR-548w,0,0,0,0,0,0,1
hsa-miR-548z,0,0,0,0,0,0,5
hsa-miR-550a-3p,1,13,2,0,1,0,27
hsa-miR-550a-5p,0,0,0,0,1,0,3
hsa-miR-550b-2-5p,1,13,2,0,1,0,27
hsa-miR-550b-3p,0,0,0,0,1,0,3
hsa-miR-551a,0,1,0,0,0,1,5
hsa-miR-551b-3p,0,0,0,0,0,0,11
hsa-miR-556-3p,0,0,0,0,0,0,2
hsa-miR-556-5p,0,0,0,0,0,0,2
hsa-miR-5581-5p,0,1,0,0,0,0,0
hsa-miR-5583-3p,0,0,0,0,0,0,1
hsa-miR-5583-5p,0,0,0,0,0,0,1
hsa-miR-5585-3p,0,0,0,0,0,0,1
hsa-miR-569,2,0,0,0,0,0,0
hsa-miR-5695,0,0,0,0,1,0,0
hsa-miR-570-5p,0,0,0,0,0,0,1
hsa-miR-574-3p,4,2,0,1,0,0,121
hsa-miR-574-5p,1,1,5,3,2,0,24
hsa-miR-576-3p,0,4,0,0,2,0,5
hsa-miR-576-5p,0,1,0,0,0,0,1
hsa-miR-579-3p,1,0,0,0,0,0,19
hsa-miR-579-5p,0,1,0,0,0,0,0
hsa-miR-580-3p,0,0,0,0,0,0,1
hsa-miR-582-3p,0,2,0,0,0,0,1
hsa-miR-582-5p,0,0,0,0,0,1,0
hsa-miR-584-5p,0,9,0,0,0,0,164
hsa-miR-589-3p,0,1,0,0,0,0,7
hsa-miR-589-5p,0,1,0,0,0,0,4
hsa-miR-590-3p,0,0,0,0,0,0,39
hsa-miR-590-5p,3,12,0,0,9,1,350
hsa-miR-597-5p,0,1,0,0,0,0,0
hsa-miR-598-3p,0,0,0,0,0,0,12
hsa-miR-605-3p,0,0,0,0,0,0,1
hsa-miR-616-5p,0,0,0,0,0,0,3
hsa-miR-619-5p,0,0,1,0,0,3,0
hsa-miR-624-5p,0,0,1,0,3,0,2
hsa-miR-625-3p,2,2,0,1,0,1,53
hsa-miR-625-5p,0,0,0,0,0,0,8
hsa-miR-627-5p,0,2,1,2,2,0,7
hsa-miR-628-3p,0,0,0,0,0,0,1
hsa-miR-628-5p,0,0,0,0,0,0,9
hsa-miR-629-5p,0,6,0,1,3,0,8
hsa-miR-630,2,0,0,0,0,0,0
hsa-miR-636,0,0,0,1,0,0,0
hsa-miR-6501-5p,0,0,0,0,0,0,1
hsa-miR-6507-3p,0,0,0,0,0,0,1
hsa-miR-651-5p,0,0,0,0,0,0,1
hsa-miR-6511b-3p,0,0,0,0,0,0,1
hsa-miR-6513-5p,0,0,0,0,0,0,5
hsa-miR-6514-5p,0,1,0,0,0,0,0
hsa-miR-6516-5p,0,0,0,0,0,0,8
hsa-miR-652-3p,0,2,0,0,2,1,39
hsa-miR-652-5p,0,0,0,0,0,0,13
hsa-miR-654-3p,0,0,0,0,0,0,19
hsa-miR-654-5p,0,0,0,0,0,0,6
hsa-miR-656-3p,0,0,0,0,0,0,6
hsa-miR-660-3p,0,0,0,0,1,0,3
hsa-miR-660-5p,3,5,0,0,1,0,39
hsa-miR-664a-3p,3,0,0,0,0,0,42
hsa-miR-664a-5p,0,0,0,0,0,0,10
hsa-miR-664b-3p,0,0,0,0,0,0,5
hsa-miR-665,0,0,0,0,0,0,10
hsa-miR-671-3p,0,0,0,0,0,0,3
hsa-miR-671-5p,0,1,1,3,5,1,1
hsa-miR-6731-3p,0,0,0,0,0,0,1
hsa-miR-6734-5p,0,3,0,0,1,0,1
hsa-miR-6741-5p,0,0,0,0,0,0,2
hsa-miR-6764-3p,0,0,0,0,0,0,2
hsa-miR-6767-5p,0,1,0,0,0,0,0
hsa-miR-6769b-5p,0,3,0,0,2,0,0
hsa-miR-6799-3p,0,0,0,0,0,0,1
hsa-miR-6803-3p,0,1,0,0,0,0,0
hsa-miR-6810-3p,0,0,0,0,0,0,1
hsa-miR-6813-5p,0,0,0,0,0,0,3
hsa-miR-6815-5p,0,2,0,0,0,0,0
hsa-miR-6826-3p,0,2,0,0,0,0,0
hsa-miR-6827-5p,0,0,0,0,0,0,1
hsa-miR-6852-5p,0,0,0,0,0,0,12
hsa-miR-6855-5p,0,0,0,0,0,0,1
hsa-miR-6876-5p,0,0,0,0,0,0,1
hsa-miR-6877-5p,0,1,0,0,0,0,0
hsa-miR-6882-3p,0,0,0,0,0,0,1
hsa-miR-7-1-3p,0,0,0,0,0,0,19
hsa-miR-7-5p,2.250000e+01,328,74,268,1.845000e+02,8.350000e+01,1.835000e+02
hsa-miR-7108-5p,0,0,0,0,0,0,1
hsa-miR-7110-3p,0,0,0,0,0,0,1
hsa-miR-744-3p,0,0,0,0,0,0,8
hsa-miR-744-5p,31,8,3,8,8,3,763
hsa-miR-758-3p,0,0,0,0,0,0,7
hsa-miR-766-3p,0,4,0,0,0,0,205
hsa-miR-766-5p,0,0,0,0,0,0,1
hsa-miR-769-3p,0,1,0,0,0,1,3
hsa-miR-769-5p,1,2,1,9,5,0,45
hsa-miR-7704,1,0,0,0,0,0,0
hsa-miR-7854-3p,0,0,0,0,0,0,1
hsa-miR-873-3p,0,1,0,0,0,2,0
hsa-miR-877-3p,0,0,0,0,0,0,3
hsa-miR-877-5p,0,0,0,0,0,0,2
hsa-miR-885-5p,3,0,0,0,2,0,5
hsa-miR-887-3p,0,0,0,2,0,0,0
hsa-miR-889-3p,0,0,0,0,0,0,1
hsa-miR-9-3p,0,0,0,0,0,0,4
hsa-miR-9-5p,5,0,0,0,0,0,3
hsa-miR-92a-1-5p,0,0,0,0,0,0,1
hsa-miR-92a-3p,182,77,31,24,39,8,468
hsa-miR-92b-3p,0,1,0,0,0,0,9
hsa-miR-93-3p,0,1,0,0,0,1,7
hsa-miR-93-5p,63,210,67,142,125,40,766
hsa-miR-933,0,0,0,0,0,0,1
hsa-miR-935,0,1,0,0,0,0,0
hsa-miR-939-5p,0,1,0,0,0,0,2
hsa-miR-940,0,0,0,0,0,0,3
hsa-miR-942-5p,0,0,0,0,0,0,2
hsa-miR-95-3p,0,0,0,0,0,0,1
hsa-miR-96-5p,0,4,1,1,0,1,5
hsa-miR-98-3p,0,0,0,0,0,0,1
hsa-miR-98-5p,4,5,1,0,0,1,90
hsa-miR-99a-5p,1,8,1,0,0,3,19
hsa-miR-99b-5p,5,2,0,0,0,0,48
